20.967,-67.649,-41.714
21.968,-67.731,-41.668
22.168,-67.62,-41.821
22.368,-67.706,-41.698
22.568,-67.712,-41.746
22.768,-67.623,-41.779
22.969,-67.708,-41.735
23.169,-67.716,-41.764
23.369,-67.703,-41.711
23.569,-67.753,-41.746
23.769,-67.763,-41.712
23.97,-67.85,-41.629
24.17,-67.742,-41.818
24.37,-67.739,-41.67
24.57,-67.868,-41.657
24.77,-67.706,-41.795
24.971,-67.728,-41.65
25.171,-67.734,-41.657
25.371,-67.543,-41.616
25.571,-67.52,-41.478
25.771,-67.406,-41.395
25.972,-67.219,-41.205
26.172,-66.999,-41.222
26.372,-66.775,-40.947
26.572,-66.69,-40.698
26.772,-66.334,-40.681
26.973,-66.058,-40.342
27.173,-65.876,-40.122
27.373,-65.423,-40.015
27.573,-65.161,-39.615
27.773,-64.845,-39.41
27.974,-64.43,-39.104
28.174,-64.086,-38.818
28.374,-63.671,-38.53
28.574,-63.243,-38.192
28.774,-62.771,-37.966
28.975,-62.321,-37.484
29.175,-61.965,-37.152
29.375,-61.377,-36.899
29.575,-60.899,-36.425
29.775,-60.468,-36.051
29.976,-59.846,-35.748
30.176,-59.41,-35.233
30.376,-57.807,-34.265
30.576,-57.252,-33.868
30.776,-56.766,-33.442
30.977,-56.24,-32.975
31.177,-55.785,-32.455
31.377,-55.121,-32.13
31.577,-54.64,-31.673
31.777,-54.395,-31.186
31.978,-53.798,-30.952
32.178,-53.463,-30.461
32.378,-52.094,-30.092
32.578,-51.544,-29.828
32.778,-51.274,-29.487
32.979,-50.876,-29.169
33.179,-50.676,-28.937
33.379,-50.425,-28.651
33.579,-50.146,-28.398
33.779,-49.94,-28.225
33.98,-49.644,-28.07
34.18,-49.501,-27.823
34.38,-49.472,-27.671
34.58,-49.251,-27.649
34.78,-49.143,-27.518
34.981,-48.94,-27.468
35.181,-48.83,-27.391
35.381,-48.869,-27.284
35.581,-48.796,-27.249
35.781,-48.795,-27.221
35.982,-47.66,-27.317
36.983,-49.288,-27.444
37.183,-49.294,-27.57
37.383,-49.336,-27.478
37.583,-49.331,-27.474
37.783,-49.335,-27.467
37.984,-49.356,-27.489
38.184,-49.256,-27.43
38.384,-49.33,-27.437
38.584,-49.267,-27.553
38.784,-49.284,-27.426
38.986,-49.412,-27.389
39.186,-49.279,-27.542
39.386,-49.341,-27.426
39.586,-49.393,-27.474
39.786,-49.333,-27.457
39.987,-49.385,-27.45
40.187,-49.364,-27.441
40.387,-49.376,-27.433
40.587,-49.435,-27.454
40.787,-49.367,-27.43
40.988,-49.447,-27.426
41.188,-49.376,-27.535
41.388,-49.396,-27.409
41.588,-49.52,-27.387
41.788,-49.356,-27.537
41.989,-49.399,-27.406
42.189,-49.419,-27.474
42.389,-49.41,-27.465
42.589,-49.429,-27.443
42.789,-49.412,-27.459
42.99,-49.446,-27.454
43.19,-49.447,-27.489
43.39,-49.395,-27.43
43.59,-49.453,-27.476
43.79,-49.368,-27.535
43.991,-49.356,-27.306
44.191,-49.384,-27.258
44.391,-49.166,-27.365
44.591,-49.14,-27.123
44.791,-49.096,-27.013
44.992,-48.867,-26.85
45.192,-48.71,-26.642
45.392,-48.573,-26.415
45.592,-48.315,-26.153
45.792,-48.086,-25.924
45.993,-49.188,-22.893
46.393,-47.307,-23.491
46.593,-46.889,-23.006
46.793,-46.737,-22.545
46.994,-46.28,-22.155
47.194,-45.906,-21.685
47.394,-45.56,-21.226
47.594,-45.163,-20.798
49.396,-39.1,-17.796
49.596,-38.286,-17.532
49.796,-37.506,-17.235
49.997,-36.855,-16.981
50.197,-36.234,-16.691
50.397,-35.375,-16.569
50.597,-34.688,-16.477
50.797,-33.988,-16.407
50.998,-33.118,-16.457
51.198,-32.683,-16.272
51.398,-31.9,-16.342
51.598,-31.06,-16.477
51.798,-30.534,-16.366
51.999,-29.729,-16.606
52.199,-29.04,-16.68
52.399,-28.353,-16.783
52.599,-27.609,-16.988
52.799,-27.158,-17.156
53,-26.33,-17.409
53.2,-25.648,-17.601
53.4,-25.045,-17.855
53.6,-24.251,-18.191
53.8,-23.857,-18.268
54.001,-23.242,-18.516
54.201,-22.38,-18.897
54.401,-21.934,-19.041
54.601,-21.344,-19.394
54.801,-20.741,-19.626
55.002,-20.187,-19.833
55.202,-19.584,-20.137
55.402,-19.225,-20.368
55.602,-18.425,-20.705
55.802,-17.905,-20.906
56.003,-17.421,-21.207
56.203,-16.751,-21.44
56.403,-16.328,-21.508
56.603,-15.921,-21.676
56.803,-15.059,-21.999
63.011,-21.603,-31.913
63.211,-22.258,-32.029
63.411,-22.754,-32.475
63.611,-23.442,-32.516
69.817,-43.955,-37.7
70.018,-44.271,-37.923
70.218,-44.711,-38.22
70.418,-45.263,-38.381
70.618,-45.577,-38.768
70.818,-46.152,-39
71.019,-46.636,-39.334
71.219,-46.929,-39.65
71.419,-47.628,-39.781
71.619,-47.83,-40.176
71.819,-48.134,-40.604
72.02,-48.732,-40.735
72.22,-48.921,-41.135
72.42,-49.372,-41.524
72.62,-49.709,-41.875
72.82,-49.854,-42.174
73.021,-50.27,-42.53
73.221,-50.29,-42.974
79.028,-54.732,-52.818
79.228,-55.068,-53.04
79.428,-55.213,-53.372
79.628,-55.324,-53.639
79.828,-55.537,-53.949
80.029,-55.636,-54.255
80.229,-55.986,-54.458
80.429,-56.027,-54.866
80.629,-56.433,-55.065
80.829,-56.826,-55.327
81.03,-56.789,-55.709
81.23,-57.296,-55.822
81.43,-57.427,-56.381
81.63,-57.674,-56.517
81.83,-58.158,-56.709
82.031,-58.235,-57.019
82.231,-58.459,-57.259
82.431,-58.807,-57.582
82.631,-59.018,-57.86
82.831,-59.345,-58.011
83.032,-59.455,-58.463
83.232,-59.826,-58.521
83.432,-60.13,-58.742
83.632,-60.216,-59.175
83.832,-61.678,-59.286
84.033,-61.932,-59.631
84.233,-62.085,-59.829
84.433,-62.389,-60.02
84.633,-62.666,-60.258
84.833,-62.782,-60.544
85.034,-63.093,-60.779
85.234,-63.301,-61.011
85.434,-63.579,-61.177
85.634,-63.725,-61.408
85.834,-64.111,-61.415
86.035,-64.387,-61.697
86.235,-64.498,-61.934
86.435,-64.792,-62.135
86.635,-64.905,-62.385
86.835,-65.061,-62.695
87.036,-65.386,-62.915
87.236,-65.522,-63.12
87.436,-65.711,-63.384
87.636,-65.819,-63.767
87.836,-66.052,-63.878
88.037,-66.296,-64.044
88.237,-66.286,-64.385
88.437,-66.652,-64.422
88.637,-66.817,-64.73
88.837,-66.76,-64.985
89.038,-68.531,-65.88
89.238,-68.727,-66.23
89.438,-68.812,-66.368
89.638,-68.966,-66.551
89.838,-69.103,-66.806
90.039,-69.22,-66.855
90.239,-69.481,-67.193
90.439,-69.613,-67.228
90.639,-69.689,-67.307
90.839,-69.906,-67.73
91.04,-69.962,-67.673
91.24,-70.193,-68.068
91.44,-70.258,-68.263
91.64,-70.389,-68.285
91.84,-70.589,-68.66
92.041,-70.691,-68.793
92.241,-70.762,-68.97
92.441,-70.852,-69.208
92.641,-70.99,-69.276
92.841,-71.111,-69.601
93.042,-71.194,-69.606
93.242,-71.311,-69.789
93.442,-71.417,-69.955
93.642,-71.487,-69.923
93.842,-71.684,-70.209
94.043,-71.809,-70.383
94.243,-71.948,-70.265
94.443,-72.003,-70.525
94.643,-72.171,-70.602
94.843,-71.413,-70.302
95.044,-71.424,-70.226
95.244,-71.821,-70.355
95.444,-71.869,-70.551
95.644,-72.003,-70.488
95.844,-72.159,-70.706
96.045,-71.965,-70.872
96.245,-72.202,-70.785
96.445,-72.11,-70.931
96.645,-72.179,-70.877
96.845,-72.449,-70.923
97.046,-72.436,-70.964
97.246,-72.629,-70.951
97.446,-72.888,-71.058
97.646,-73.092,-70.931
97.846,-73.522,-70.853
98.048,-73.5,-70.868
98.248,-73.943,-70.665
98.448,-74.25,-70.549
98.648,-74.418,-70.584
98.848,-75.033,-70.23
99.049,-75.272,-70.123
99.249,-75.671,-69.794
99.449,-76.206,-69.425
99.649,-76.448,-69.132
99.849,-76.963,-68.68
100.05,-77.125,-68.372
100.25,-77.461,-67.813
100.45,-77.862,-67.355
100.65,-77.89,-67.003
100.85,-78.328,-66.391
101.05,-78.448,-65.959
101.25,-78.534,-65.472
101.45,-78.961,-64.869
101.65,-79.655,-64.439
101.85,-79.783,-63.88
102.05,-79.305,-63.358
102.25,-79.448,-62.909
102.45,-79.613,-62.417
102.65,-79.744,-61.956
102.85,-80.105,-61.351
103.05,-80.326,-60.941
141.09,-54.853,-30.553
141.29,-54.409,-29.913
141.49,-53.77,-29.394
141.69,-53.433,-28.968
141.89,-52.847,-28.588
142.09,-52.373,-28.171
142.29,-51.684,-27.813
142.49,-51.179,-27.341
142.69,-50.91,-26.882
142.89,-50.192,-26.391
143.09,-49.541,-25.902
143.29,-49.108,-25.31
143.5,-48.471,-24.714
143.69,-47.955,-24.27
143.9,-47.498,-23.659
144.1,-46.723,-23.214
144.3,-46.254,-22.676
144.5,-45.466,-22.194
144.7,-45.035,-21.591
144.9,-44.486,-21.093
145.1,-43.773,-20.77
145.3,-43.442,-20.189
145.5,-42.743,-19.739
145.7,-41.957,-19.268
145.9,-41.518,-18.873
146.1,-40.764,-18.436
146.3,-40.213,-18.014
146.5,-39.523,-17.73
146.7,-38.789,-17.366
146.9,-38.143,-17.077
147.1,-37.383,-16.826
147.3,-36.657,-16.566
147.5,-35.892,-16.501
147.7,-34.944,-16.462
147.9,-34.336,-16.407
148.1,-33.525,-16.339
148.3,-32.848,-16.315
148.5,-32.168,-16.368
148.7,-31.468,-16.348
148.9,-30.755,-16.435
149.1,-30.038,-16.586
149.3,-29.268,-16.632
149.5,-28.764,-16.813
149.7,-28.046,-17.008
149.9,-27.636,-17.143
150.1,-26.982,-17.416
150.3,-26.159,-17.72
150.5,-25.881,-17.923
150.7,-25.203,-18.266
150.9,-24.629,-18.534
151.1,-24.187,-18.881
151.3,-23.625,-19.141
151.5,-23.095,-19.423
151.7,-22.699,-19.776
151.9,-22.093,-20.019
152.1,-21.687,-20.312
152.3,-21.142,-20.702
152.5,-20.866,-20.849
152.7,-20.312,-21.168
152.9,-19.682,-21.429
153.1,-19.361,-21.583
153.31,-18.917,-21.674
153.5,-18.465,-21.683
153.71,-18.027,-21.93
153.91,-17.566,-22.161
154.11,-17.133,-22.266
154.31,-16.638,-22.548
154.51,-16.296,-22.642
154.71,-15.827,-22.79
154.91,-15.297,-23.105
155.11,-15.024,-23.144
155.31,-14.447,-23.478
155.51,-13.795,-23.685
155.71,-13.465,-23.759
155.91,-12.929,-23.917
156.11,-12.357,-24.118
156.31,-11.852,-24.299
156.51,-11.136,-24.461
156.71,-10.695,-24.474
156.91,-10.001,-24.591
157.11,-9.5537,-24.48
157.31,-8.8753,-24.467
157.51,-8.163,-24.508
157.71,-7.8485,-24.164
157.91,-7.1084,-23.985
158.11,-6.5426,-23.701
158.31,-6.1017,-23.402
158.51,-5.5867,-23.013
158.71,-5.2506,-22.618
158.91,-4.711,-22.253
159.11,-4.4273,-21.665
159.31,-4.1405,-21.178
159.51,-3.7536,-20.654
159.71,-3.641,-20.036
159.91,-3.2432,-19.51
160.11,-2.958,-18.999
160.31,-3.0875,-18.254
160.51,-2.6913,-17.672
160.71,-2.7252,-17.073
160.91,-2.7236,-16.505
161.11,-2.5926,-15.815
161.31,-2.6635,-15.149
161.51,-2.5032,-14.593
161.71,-2.6219,-13.857
161.91,-2.6928,-13.18
162.12,-2.5463,-12.595
162.31,-2.8717,-11.797
162.51,-2.8609,-11.204
162.72,-2.7391,-10.539
162.91,-3.1399,-9.8117
163.12,-3.0598,-9.249
163.32,-3.1923,-8.7398
163.52,-3.3465,-8.2804
163.72,-3.2879,-7.7491
163.92,-3.4637,-7.3211
164.12,-3.3619,-7.0297
164.32,-3.5947,-6.5555
164.52,-3.695,-6.3231
164.72,-3.6364,-6.0685
164.92,-3.8075,-5.7715
165.12,-3.8214,-5.6774
165.32,-3.6811,-5.528
165.52,-3.9016,-5.3933
165.72,-3.8368,-5.2937
165.92,-3.9293,-5.2476
166.12,-4.0079,-5.2531
166.32,-3.8861,-5.1977
166.52,-5.5466,-5.207
166.72,-5.3863,-5.3066
166.92,-5.4295,-5.1719
167.12,-5.4603,-5.2402
167.32,-5.3647,-5.338
167.52,-5.4665,-5.2346
167.72,-5.3817,-5.3232
167.92,-5.3262,-5.325
168.12,-5.4695,-5.2678
168.32,-5.3601,-5.3324
168.52,-5.3709,-5.2992
168.72,-6.4316,-6.0279
168.92,-6.2019,-5.7955
169.12,-6.2805,-5.8453
169.32,-6.2651,-5.9504
169.52,-6.3052,-5.8305
169.72,-6.3776,-5.9301
169.92,-6.2913,-6.0095
170.12,-6.3931,-5.873
170.32,-6.4023,-5.967
170.52,-6.4239,-5.9412
170.72,-6.4609,-5.8766
170.92,-6.4748,-5.7733
171.12,-7.369,-4.6425
171.32,-7.3274,-4.6683
171.52,-7.2133,-4.5318
171.72,-7.3228,-4.2956
171.92,-7.295,-4.0466
172.12,-7.2919,-3.6149
172.32,-7.3752,-3.305
172.53,-7.3089,-2.9046
172.72,-7.3428,-2.342
172.93,-7.3505,-1.8955
173.13,-7.3937,-1.3162
173.33,-7.4137,-0.75172
173.53,-7.3968,-0.11156
173.73,-7.4939,0.56918
173.93,-7.5109,1.1927
174.13,-7.4785,1.9307
174.33,-7.5741,2.7166
174.53,-7.4723,3.3715
174.73,-7.4492,4.2127
174.93,-7.4199,4.9174
175.13,-7.3998,5.6886
175.33,-7.3567,6.5206
175.53,-7.3212,7.2751
175.73,-7.3351,8.0167
175.93,-7.369,8.7307
176.13,-7.3135,9.4446
176.33,-7.4708,10.044
176.53,-7.4553,10.552
176.73,-7.5155,11.136
176.93,-7.6496,11.61
177.13,-7.6635,12.005
177.33,-7.8346,12.54
177.53,-8.1121,12.896
177.73,-8.3696,13.26
177.93,-8.7551,13.673
178.13,-9.1297,13.944
178.33,-9.5167,14.204
178.53,-10.494,13.771
178.73,-10.912,13.977
178.93,-11.441,14.068
179.13,-11.937,14.029
179.33,-12.347,14.121
179.53,-12.848,14.042
179.73,-13.539,13.114
179.93,-13.902,13.23
180.13,-14.358,12.83
180.33,-14.734,12.714
180.53,-15.069,12.596
180.73,-15.392,12.19
180.93,-15.758,11.852
181.13,-16.054,11.361
181.34,-16.243,11.192
181.53,-16.515,10.871
181.74,-16.752,10.308
181.94,-16.817,10.16
182.14,-17.027,9.5479
182.34,-17.195,9.0701
182.54,-17.296,8.8672
182.74,-17.494,8.2953
182.94,-17.679,7.8304
183.14,-17.861,7.384
183.34,-18.075,6.8822
183.54,-18.343,6.4099
183.74,-18.709,5.8343
183.94,-18.903,5.5889
184.14,-18.482,6.6184
184.34,-18.863,5.9026
184.54,-19.29,5.3934
184.74,-19.706,4.7403
184.94,-20.115,4.2662
185.14,-19.399,3.5928
185.34,-19.657,2.9693
185.54,-20.138,2.4952
185.74,-20.654,1.9657
185.94,-21.012,1.4584
186.14,-21.55,0.94552
186.34,-22.033,0.27585
186.54,-21.7,-0.043305
186.74,-22.247,-0.64841
186.94,-22.568,-1.2775
187.14,-23.396,-1.6926
187.34,-23.824,-2.4139
187.54,-24.285,-2.912
187.74,-25.124,-3.3308
187.94,-25.625,-3.9562
188.14,-26.22,-4.5022
188.34,-26.638,-5.2088
188.54,-27.293,-5.6756
188.74,-27.966,-6.2714
188.94,-28.496,-6.9725
189.14,-29.245,-7.3617
189.34,-29.803,-7.9724
189.54,-30.255,-8.6697
189.74,-31.015,-9.0608
189.94,-31.388,-9.7526
190.14,-31.94,-10.238
190.34,-32.651,-10.714
190.54,-33.064,-11.286
190.74,-33.554,-11.861
190.94,-34.012,-12.45
191.15,-34.523,-12.865
191.34,-35.053,-13.343
191.54,-35.406,-13.961
191.75,-36.192,-14.263
191.94,-36.411,-14.866
192.15,-36.851,-15.335
192.35,-37.548,-15.649
192.55,-37.767,-16.241
192.75,-38.447,-16.661
192.95,-39.136,-17.097
193.15,-39.603,-17.709
193.35,-40.298,-18.259
193.55,-40.751,-18.901
193.75,-41.712,-19.353
193.95,-42.323,-20.028
194.15,-42.942,-20.718
194.35,-43.946,-21.198
194.55,-44.395,-21.951
194.75,-45.141,-22.596
194.95,-46.081,-22.997
195.15,-46.55,-23.759
195.35,-47.333,-24.371
195.55,-48.018,-24.884
195.75,-48.621,-25.489
198.55,-57.23,-31.153
198.75,-57.517,-31.49
198.95,-58.178,-31.603
199.15,-58.621,-31.996
199.35,-58.699,-32.416
199.55,-59.438,-32.577
199.75,-59.643,-32.975
199.95,-60.082,-33.2
200.16,-60.576,-33.477
200.35,-60.716,-33.829
200.56,-61.14,-34.149
200.75,-61.336,-34.508
200.96,-61.732,-34.706
201.16,-62.632,-35.078
201.36,-62.81,-35.444
201.56,-63.076,-35.702
201.76,-63.221,-36.183
201.96,-63.283,-36.645
202.16,-63.596,-36.927
202.36,-63.554,-37.46
202.56,-63.628,-37.838
202.76,-63.761,-38.209
202.96,-63.587,-38.772
203.16,-63.511,-39.176
203.36,-63.372,-39.655
203.56,-63.22,-39.976
203.76,-63.001,-40.456
203.96,-62.606,-40.908
204.16,-62.376,-41.089
204.36,-61.908,-41.574
204.56,-61.388,-41.906
204.76,-60.773,-42
204.96,-60.05,-42.393
205.16,-59.55,-42.439
205.36,-59.211,-42.452
205.56,-58.479,-42.616
224.18,-21.791,-20.299
224.38,-22.653,-19.89
224.58,-23.09,-19.755
224.78,-23.881,-19.41
224.98,-24.714,-19.126
225.18,-25.166,-19.132
225.38,-25.954,-18.831
225.58,-26.646,-18.608
225.78,-27.455,-18.337
225.98,-27.979,-18.257
226.18,-28.464,-18.117
226.38,-29.207,-17.8
226.58,-29.574,-17.73
226.78,-29.897,-17.621
226.98,-30.579,-17.215
227.18,-30.782,-17.22
227.38,-31.41,-16.951
227.58,-31.72,-16.704
227.78,-32.07,-16.536
227.98,-32.5,-16.174
228.18,-32.953,-15.82
228.38,-33.319,-15.411
228.58,-33.542,-15.086
228.78,-33.656,-14.721
228.98,-34.103,-14.095
229.19,-34.113,-13.601
229.38,-34.267,-12.981
229.59,-34.427,-12.249
229.78,-34.117,-11.799
229.99,-34.139,-11.107
230.19,-33.912,-10.417
230.39,-33.678,-9.8578
230.59,-33.354,-9.2656
230.79,-32.867,-8.7509
230.99,-32.865,-8.096
231.19,-32.437,-7.7159
231.39,-31.925,-7.2584
231.59,-31.894,-6.6828
231.79,-31.305,-6.3563
231.99,-30.856,-5.9449
232.19,-30.428,-5.587
232.39,-29.625,-5.4302
232.59,-29.301,-5.1775
232.79,-28.681,-4.9745
232.99,-27.921,-4.8565
233.19,-27.409,-4.7162
233.39,-26.809,-4.5428
233.59,-26.439,-4.3399
233.79,-25.835,-4.2347
233.99,-25.215,-4.0318
234.19,-24.968,-3.6702
234.39,-24.325,-3.4599
234.59,-23.923,-3.0633
234.79,-23.703,-2.6224
234.99,-22.975,-2.3586
235.19,-22.756,-1.8955
235.39,-22.358,-1.4343
235.59,-22.099,-0.91037
235.79,-21.761,-0.53956
235.99,-21.293,-0.11894
236.19,-21.219,0.4714
236.39,-20.721,0.81085
236.59,-20.306,1.368
236.79,-20.261,2.0395
236.99,-19.766,2.4232
237.19,-19.418,2.9564
237.39,-19.205,3.4858
237.59,-18.621,3.8806
237.79,-18.345,4.4765
237.99,-17.95,4.9838
238.19,-17.63,5.5963
238.4,-17.273,6.0206
238.59,-16.715,6.4505
238.79,-16.558,7.1183
239,-16,7.5703
239.2,-15.517,8.1293
239.4,-15.354,8.7085
239.6,-14.773,9.1255
239.8,-14.407,9.7546
240,-13.988,10.225
240.2,-13.456,10.712
240.4,-13.135,11.304
240.6,-12.697,11.848
240.8,-12.334,12.479
241,-11.908,12.861
241.2,-11.267,13.411
241.4,-10.998,14.097
241.6,-10.417,14.535
241.8,-9.9607,15.132
242,-9.6632,15.737
242.2,-9.0388,16.191
242.4,-8.5886,16.853
242.6,-8.1692,17.346
242.8,-7.571,17.837
243,-7.1593,18.418
243.2,-6.743,18.953
243.4,-6.2851,19.506
243.6,-5.5636,19.861
243.8,-5.0086,20.335
244,-4.6062,21.047
244.2,-3.9016,21.327
244.4,-3.2556,21.79
244.6,-2.7437,22.226
247,5.5881,25.303
247.2,6.1385,25.843
247.4,6.9032,25.897
247.6,7.5847,26.17
247.8,8.2692,26.421
248,8.7764,26.607
250.61,17.065,29.288
250.81,17.497,29.561
251.01,18.32,29.749
251.21,18.826,29.957
251.41,19.649,30.147
251.61,19.285,30.413
251.81,19.783,30.701
252.01,20.485,30.933
252.21,20.953,31.223
252.41,21.488,31.538
252.61,22.105,31.868
252.81,22.628,32.106
253.01,23.209,32.488
253.21,23.685,32.855
253.41,24.231,33.082
253.61,24.877,33.462
253.81,25.266,33.885
254.01,26.027,34.151
254.21,26.585,34.632
254.41,27.057,35.001
254.61,27.83,35.381
254.81,28.342,35.848
255.01,28.938,36.202
255.21,29.53,36.656
255.41,30.105,37.014
255.61,30.722,37.479
255.81,31.276,37.997
256.01,31.911,38.309
256.21,32.515,38.833
256.41,32.931,39.338
256.61,33.613,39.716
256.81,34.149,40.146
257.01,34.58,40.595
257.21,35.33,40.945
257.42,35.761,41.395
257.62,36.317,41.797
257.81,36.855,42.264
258.01,37.399,42.629
258.22,37.979,43.056
258.42,38.462,43.579
258.62,39.049,43.836
258.82,39.567,44.356
259.02,39.991,44.937
259.22,40.616,45.299
259.42,41.095,45.808
259.62,41.479,46.301
259.82,42.086,46.712
260.02,42.589,47.232
260.22,43.104,47.706
260.42,43.523,48.302
260.62,44.021,48.71
260.82,44.553,49.261
261.02,44.95,49.878
261.22,45.563,50.256
261.42,45.953,50.807
261.62,46.28,51.444
261.82,46.838,51.831
262.02,47.201,52.398
262.22,47.608,52.899
262.42,48.039,53.46
262.62,48.46,54.014
262.82,50.742,48.516
276.24,51.718,91.259
276.44,51.667,91.877
276.63,51.248,92.29
276.83,51.243,92.608
277.04,50.959,93.026
277.24,50.808,93.22
277.44,50.455,93.657
277.64,50.156,93.978
277.84,49.933,94.214
278.04,49.697,94.605
278.24,49.502,94.76
278.44,49.246,95.12
278.64,48.858,95.432
278.84,48.661,95.631
279.04,48.224,95.969
279.24,48.169,96.085
279.44,47.97,96.306
279.64,47.594,96.736
279.84,47.427,96.834
280.04,47.114,97.059
280.24,46.918,97.236
280.44,46.57,97.334
280.64,46.127,97.487
280.84,46.033,97.522
281.04,45.494,97.753
281.24,45.264,97.78
281.44,45.127,97.799
281.64,44.526,97.961
281.84,42.154,97.86
282.04,41.951,97.954
282.24,41.491,98.133
282.44,41.336,98.07
282.64,40.975,98.092
282.84,40.793,98.109
283.04,40.589,98.129
283.24,40.212,98.166
283.44,40.084,98.155
283.64,39.732,98.306
283.84,39.382,98.266
284.04,39.2,98.282
284.24,38.627,98.426
284.44,38.372,98.362
284.64,37.987,98.507
284.84,37.551,98.579
285.04,37.329,98.588
285.24,36.931,98.587
285.44,36.767,98.57
285.64,36.568,98.623
285.84,36.291,98.662
286.04,36.271,98.601
286.25,33.084,96.902
286.44,32.805,96.764
286.64,32.697,96.701
286.85,32.594,96.924
287.05,32.282,96.648
287.25,32.17,96.766
287.45,32,96.862
287.65,31.815,96.701
287.85,31.618,96.683
288.05,31.4,96.487
288.25,31.311,96.533
288.45,30.97,96.452
288.65,30.779,96.255
288.85,30.696,96.452
289.05,30.374,96.102
289.25,30.212,95.926
289.45,29.996,96.006
289.65,29.74,95.578
289.85,29.632,95.572
290.05,29.452,95.55
290.25,29.35,95.249
290.45,29.091,95.07
290.65,28.89,94.768
290.85,28.827,94.812
291.05,28.557,94.471
291.25,28.342,94.128
291.45,30.603,95.548
291.65,28.106,93.683
291.85,31.222,95.485
292.05,30.79,95.288
292.25,30.628,94.862
292.45,30.468,94.578
292.65,30.303,94.275
292.85,30.187,93.943
293.05,29.987,93.746
293.25,29.92,93.358
293.45,29.718,93.226
293.65,29.584,92.818
293.85,29.41,92.438
294.05,29.169,92.285
294.25,29.169,91.811
294.45,29.065,91.563
294.65,28.796,91.355
294.85,28.843,90.851
295.05,28.645,90.624
295.25,28.479,90.252
295.45,28.437,89.805
295.65,28.169,89.536
295.86,28.146,89.034
296.06,27.928,88.748
296.26,27.836,88.189
296.46,27.774,87.769
296.66,27.574,87.472
296.86,27.605,86.903
297.06,27.44,86.573
297.26,27.278,86.18
297.46,27.278,85.651
297.66,27.165,85.252
297.86,27.142,84.708
298.06,27.091,84.311
298.26,26.932,83.861
298.46,26.999,83.363
298.66,26.848,82.974
298.86,26.905,82.395
299.06,26.897,81.939
299.26,26.738,81.535
299.46,26.858,80.932
299.66,26.752,80.504
299.86,26.661,80.017
300.06,26.803,79.448
300.26,26.7,78.958
300.46,26.846,78.343
300.66,26.811,77.849
300.86,26.704,77.395
301.06,26.889,76.746
301.26,26.804,76.246
301.46,26.914,75.519
301.66,26.949,74.973
301.86,26.755,74.528
302.06,26.965,73.842
302.26,26.917,73.285
302.46,26.774,72.696
302.66,24.526,70.47
302.86,24.476,69.912
303.06,24.444,69.145
303.26,24.567,68.78
303.46,24.479,68.151
303.66,24.556,67.343
303.86,24.647,66.942
304.06,24.655,66.051
304.26,24.746,65.49
309.87,29.831,52.029
310.07,30.022,51.689
310.27,29.993,51.047
310.47,29.792,50.776
310.67,29.926,50.333
310.87,30.178,49.832
311.07,30.005,49.389
318.48,23.15,30.675
322.88,7.3688,24.628
323.08,6.8878,24.426
323.28,6.4345,24.19
323.48,5.8147,24.238
323.68,9.111,24.567
324.88,4.6013,23.609
325.08,3.9399,23.539
325.29,3.3833,23.336
325.49,2.836,23.253
325.69,2.2594,23.032
325.89,1.9387,22.84
326.09,1.1077,22.762
326.29,0.61738,22.458
326.49,0.091633,22.395
326.69,-0.66384,22.253
326.89,-1.1279,22.03
327.09,-1.6737,21.831
327.29,-2.238,21.591
327.49,-2.7483,21.488
330.29,-8.4991,16.208
330.49,-8.7474,15.859
330.69,-9.3718,15.446
330.89,-9.5969,14.887
334.7,-17.557,5.3989
334.9,-18.08,4.8639
335.1,-18.476,4.3308
335.3,-19.13,3.8696
335.5,-19.52,3.2811
335.7,-19.93,2.6501
335.9,-20.724,2.2387
336.1,-21.06,1.6595
336.3,-21.524,1.1226
336.5,-22.161,0.62083
336.7,-22.497,0.041557
336.9,-23.083,-0.51927
337.1,-23.518,-1.1151
337.3,-23.94,-1.6133
337.5,-24.515,-2.1815
337.7,-24.934,-2.7128
337.9,-25.551,-3.1924
338.1,-26.009,-3.7865
338.3,-26.384,-4.3122
338.5,-27.062,-4.7365
338.7,-27.452,-5.325
338.9,-27.947,-5.7826
339.1,-28.707,-6.3083
339.3,-28.877,-6.836
339.5,-29.439,-7.2953
339.7,-29.981,-7.8525
339.9,-30.317,-8.3044
340.1,-30.87,-8.8431
340.3,-31.185,-9.4039
340.5,-31.903,-9.7748
340.7,-32.32,-10.328
340.9,-32.591,-10.861
341.1,-33.36,-11.286
341.3,-33.715,-11.793
341.5,-34.207,-12.262
341.7,-34.862,-12.815
341.9,-35.2,-13.35
342.1,-35.781,-13.841
342.3,-36.274,-14.414
342.5,-36.865,-14.817
342.7,-37.401,-15.418
342.9,-37.839,-15.968
343.1,-38.496,-16.385
343.31,-39.011,-16.966
343.5,-39.339,-17.486
343.7,-40.149,-17.859
343.9,-40.553,-18.42
344.11,-41.123,-18.896
344.31,-41.814,-19.429
344.51,-42.238,-19.907
344.71,-42.83,-20.39
344.91,-43.406,-20.916
345.11,-44.076,-21.336
345.31,-44.614,-21.904
345.51,-45.079,-22.513
345.71,-45.81,-22.879
345.91,-46.249,-23.511
346.11,-46.826,-23.943
346.31,-47.582,-24.388
346.51,-48.055,-24.919
346.71,-48.667,-25.238
346.91,-49.515,-25.661
347.11,-49.962,-26.227
347.31,-50.61,-26.732
347.51,-51.217,-27.282
347.71,-51.922,-27.671
351.31,-62.256,-37.408
351.51,-62.985,-37.785
351.71,-63.235,-38.172
351.91,-63.732,-38.596
352.11,-65.004,-39.002
352.31,-65.38,-39.299
352.51,-65.768,-39.596
352.71,-66.004,-39.941
352.92,-66.383,-40.179
353.12,-66.609,-40.596
353.32,-66.885,-40.869
353.52,-67.335,-41.004
353.72,-67.515,-41.299
353.92,-67.877,-41.559
354.12,-68.232,-41.747
354.32,-68.408,-41.984
354.52,-68.795,-42.207
354.72,-69.037,-42.443
354.92,-69.345,-42.596
355.12,-69.623,-42.969
355.32,-69.831,-43.113
355.52,-70.196,-43.264
355.72,-70.428,-43.592
355.92,-70.633,-43.72
356.12,-71.032,-43.856
356.32,-71.14,-44.1
356.52,-71.482,-44.179
377.94,-105.96,-76.626
378.14,-106.03,-76.081
378.34,-106.57,-75.714
378.54,-106.59,-75.338
378.74,-106.96,-75.019
378.94,-107.1,-74.69
379.14,-107.39,-74.084
379.34,-107.63,-73.63
379.54,-107.66,-73.222
392.76,-76.334,-64.939
392.96,-75.037,-65.402
393.16,-74.754,-65.313
393.36,-74.47,-65.315
393.56,-73.799,-65.411
393.96,-73.812,-65.848
394.16,-73.226,-65.555
394.36,-72.839,-65.739
394.56,-72.463,-65.752
394.76,-72.355,-65.71
394.96,-71.863,-65.828
395.16,-71.482,-65.793
395.36,-71.303,-65.592
395.56,-70.716,-65.662
395.76,-70.474,-65.518
395.96,-67.984,-65.404
397.16,-67.79,-64.555
397.36,-67.679,-64.276
397.56,-67.002,-64.157
397.76,-66.669,-64.011
397.96,-66.573,-63.705
398.16,-65.915,-63.697
398.36,-65.566,-63.325
406.77,-45.32,-44.926
406.97,-44.882,-44.129
407.17,-44.942,-43.251
407.37,-44.385,-42.662
407.57,-44.176,-41.945
407.77,-44.224,-41.332
407.97,-43.798,-40.784
408.17,-43.687,-40.248
408.37,-43.451,-39.731
408.57,-43.05,-39.076
408.77,-42.912,-38.504
408.97,-42.313,-37.888
409.17,-42.156,-37.204
409.38,-41.65,-36.753
409.57,-40.872,-36.217
426.19,-26.686,-19.384
426.39,-27.178,-19.349
426.59,-27.509,-19.178
426.79,-28.3,-18.958
426.99,-28.608,-18.872
427.19,-29.111,-18.606
427.39,-29.951,-18.289
427.59,-30.183,-18.1
427.79,-30.784,-17.781
427.99,-31.305,-17.427
428.19,-31.683,-17.051
428.39,-32.244,-16.615
428.6,-32.656,-16.071
438,-20.56,4.2348
438.2,-20.274,4.6776
438.4,-19.813,5.0964
438.61,-19.514,5.4617
438.81,-19.131,5.7956
439,-18.755,6.1738
439.2,-18.576,6.5427
439.41,-17.989,6.7198
439.61,-17.83,7.0685
439.81,-17.717,7.4633
440.01,-17.219,7.5961
440.21,-17.148,7.8839
440.41,-16.911,8.1293
440.61,-16.51,8.3304
440.81,-16.362,8.5979
441.01,-16.112,8.9078
441.21,-15.946,9.1347
441.41,-15.668,9.4077
441.61,-15.377,9.7398
441.81,-15.258,10.085
442.01,-14.651,10.288
442.21,-14.514,10.74
442.41,-14.381,11.107
442.61,-13.8,11.328
442.81,-13.716,11.729
443.01,-13.331,12.153
443.21,-12.906,12.465
443.41,-12.761,12.896
450.42,5.7422,23.646
450.62,6.1184,24.098
450.82,6.6395,24.253
451.02,7.1067,24.323
451.22,7.6001,24.397
451.42,8.1042,24.598
451.62,8.5498,24.735
451.82,9.239,24.683
452.02,9.6414,24.945
452.22,9.996,25.085
452.42,10.565,25.113
452.62,11.023,25.242
452.82,11.471,25.393
453.02,12.031,25.487
453.22,12.346,25.653
453.42,12.791,25.832
453.62,13.18,25.998
453.82,13.763,25.943
454.02,14.077,26.186
454.22,14.316,26.41
454.42,14.183,26.452
454.62,14.643,26.736
454.82,14.988,26.983
455.02,15.457,27.09
455.22,15.827,27.319
455.42,16.172,27.605
455.62,16.502,27.777
455.82,16.812,28.009
456.02,17.141,28.251
456.22,17.403,28.474
456.42,17.777,28.618
456.62,18.124,28.963
456.82,18.294,29.251
457.02,18.701,29.413
457.22,18.968,29.802
457.43,19.311,30.059
457.62,19.651,30.337
457.82,19.96,30.656
458.02,20.34,31.064
458.23,20.597,31.396
458.43,20.956,31.726
458.63,21.385,32.147
458.83,21.686,32.442
459.03,22.137,32.8
459.23,22.486,33.337
459.43,22.862,33.638
459.63,22.518,33.28
459.83,22.987,33.759
460.03,23.42,34.114
460.23,23.984,34.453
460.43,24.441,34.852
460.63,25.002,35.241
460.83,25.497,35.7
461.03,26.061,36.032
461.23,26.676,36.447
461.43,27.219,36.763
461.63,27.927,36.957
461.83,28.559,37.468
462.03,29.091,37.838
462.23,29.819,37.993
462.43,30.389,38.443
462.63,30.963,38.763
462.83,31.53,39.22
463.03,32.124,39.475
463.23,32.691,39.846
463.43,33.217,40.255
463.63,34.624,40.96
463.83,35.198,41.384
464.03,35.597,41.764
464.23,36.26,42.006
464.43,36.763,42.449
464.63,37.17,42.79
464.83,37.766,43.078
465.03,38.207,43.467
465.23,38.724,43.768
465.43,39.179,44.181
465.63,39.592,44.476
465.83,40.121,44.803
466.03,40.559,45.188
466.23,40.996,45.439
466.43,41.467,45.861
466.63,41.815,46.24
466.83,42.345,46.502
467.03,42.743,46.983
467.23,43.052,47.323
467.44,43.536,47.651
467.64,43.913,48.053
467.84,44.299,48.389
468.04,44.689,48.85
468.24,45.02,49.178
468.44,45.448,49.525
468.64,45.801,49.961
468.84,46.169,50.263
469.04,46.484,50.8
469.24,46.871,51.184
469.44,47.296,51.473
469.64,47.643,51.992
469.84,47.982,52.392
470.04,48.361,52.796
470.24,48.653,53.364
470.44,49.035,53.746
470.64,49.376,54.313
470.84,49.732,54.674
471.04,50.122,55.11
471.24,50.401,55.687
471.44,50.782,56.05
471.64,50.879,56.521
471.84,51.144,56.916
472.04,51.602,57.316
472.24,51.869,57.91
472.44,52.184,58.388
472.64,52.435,58.936
472.84,51.477,59.958
473.04,51.727,60.543
473.24,51.917,61.103
473.44,52.002,61.576
473.64,51.066,67.741
474.84,51.033,64.653
475.04,50.879,65.192
475.24,50.76,65.865
475.44,50.446,66.225
475.64,50.253,66.798
475.84,50.099,67.518
476.04,49.723,67.763
476.24,49.485,68.45
476.44,49.143,69.012
476.64,48.687,69.204
476.85,48.414,69.903
485.05,28.824,85.879
485.25,30.307,87.77
485.45,30.078,88.337
485.65,29.849,88.957
485.85,29.681,89.429
486.05,29.646,90.158
486.25,29.614,90.857
486.46,29.774,91.453
486.66,29.777,92.185
486.86,29.913,92.729
487.06,30.201,93.192
487.26,30.318,93.742
487.46,30.548,94.153
487.66,30.753,94.583
487.86,30.921,94.915
488.06,31.172,95.181
488.26,31.363,95.48
488.46,31.615,95.644
488.66,31.903,95.989
488.86,32.147,96.269
489.06,32.557,96.373
489.26,32.723,96.736
489.46,33.178,96.799
489.66,33.634,96.963
489.86,33.978,97.262
490.06,34.385,97.393
490.26,34.822,97.552
490.46,35.392,97.592
490.66,35.905,97.686
490.86,36.427,97.779
491.06,37.144,97.744
491.26,37.617,97.679
491.46,38.186,97.716
491.66,38.932,97.579
491.86,39.336,97.577
492.06,39.948,97.509
492.26,40.617,97.439
492.46,41.177,97.389
492.66,41.744,97.227
492.86,42.279,97.052
493.06,42.876,96.799
493.26,43.442,96.472
493.46,43.795,96.227
493.66,44.435,95.806
493.86,44.724,95.583
494.06,45.094,95.225
494.26,45.633,94.672
494.46,45.808,94.36
494.66,46.174,93.858
494.86,46.508,93.445
495.06,46.727,93.032
495.26,46.951,92.585
495.46,47.066,92.157
495.67,47.353,91.606
495.87,47.527,91.226
496.06,47.537,90.779
496.26,47.87,90.18
496.47,47.81,89.866
496.67,47.896,89.287
496.87,48.246,88.73
497.07,48.172,88.256
497.27,48.267,87.763
497.47,48.374,87.27
497.67,48.38,86.763
497.87,48.405,86.278
498.07,48.143,85.844
498.27,48.24,85.274
498.47,48.008,85.027
508.08,39.102,59.126
508.28,38.809,58.652
508.48,38.596,58.168
508.68,38.708,57.519
508.88,38.289,57.054
509.08,38.297,56.355
509.28,38.164,55.746
509.48,37.87,55.263
509.68,37.836,54.661
509.88,37.637,54.065
510.08,37.356,53.49
510.28,37.245,52.885
510.48,36.905,52.342
510.68,36.992,51.675
510.88,36.57,51.184
511.08,36.326,50.573
511.28,36.414,49.911
511.48,35.924,49.394
511.68,35.79,48.695
511.88,35.744,48.048
512.08,35.335,47.505
512.28,35.182,46.88
512.48,34.774,46.277
512.68,34.575,45.642
512.88,34.51,45.007
513.08,33.981,44.513
513.28,33.986,43.893
513.48,33.533,43.46
513.68,33.2,42.864
513.88,36.257,42.384
517.29,27.122,34.947
517.49,26.787,34.588
517.69,26.208,34.283
517.89,25.904,33.778
518.09,25.514,33.462
518.29,24.766,33.184
518.49,24.504,32.789
518.69,23.934,32.51
518.89,23.226,32.219
519.09,22.998,31.83
519.29,22.184,31.612
519.49,21.772,31.236
519.69,21.306,30.933
519.89,20.691,30.618
520.09,20.204,30.3
520.29,19.555,30.057
520.49,19.123,29.688
520.69,18.499,29.507
520.89,17.78,29.352
521.09,17.339,29.068
521.29,16.576,28.908
521.49,15.981,28.74
521.69,15.445,28.605
521.89,14.714,28.555
522.09,14.108,28.398
522.29,13.454,28.219
522.49,12.805,28.074
522.69,12.241,27.908
522.89,11.555,27.799
523.09,11.118,27.579
523.29,10.434,27.417
523.49,9.7678,27.306
523.69,9.3762,26.967
523.89,8.778,26.827
524.09,8.1736,26.544
524.29,7.6648,26.295
524.5,6.9679,26.209
524.7,6.5008,25.854
524.89,5.827,25.615
525.1,5.3799,25.38
525.29,4.8156,25.085
525.5,4.0463,24.973
525.7,3.7055,24.609
525.9,2.9393,24.36
526.1,2.2532,24.142
526.3,1.931,23.832
526.5,1.1925,23.558
526.7,1.2125,23.255
526.9,0.53258,23.03
527.1,-0.18434,22.724
527.3,-0.78564,22.41
527.5,-1.4717,22.119
527.7,-2.1254,21.855
527.9,-2.7175,21.691
528.1,-3.3866,21.453
528.3,-3.8846,21.001
528.5,-4.7465,21.388
531.5,-10.237,14.874
531.7,-10.559,14.924
531.9,-10.796,14.667
532.1,-11.132,14.25
532.3,-11.481,13.865
532.5,-11.723,13.418
532.7,-12.264,13.042
532.9,-12.395,12.531
533.1,-12.926,12.182
533.3,-13.467,11.795
533.5,-13.619,11.249
533.9,-14.922,10.234
534.11,-15.186,9.8062
534.3,-15.488,9.5055
534.51,-15.675,9.0849
534.71,-15.892,8.8063
534.91,-16.28,8.3377
535.11,-16.502,7.9282
535.31,-16.906,7.6662
535.51,-17.25,7.0261
535.71,-17.498,6.7254
535.91,-17.793,6.4745
536.11,-18.064,5.8952
536.31,-18.453,5.5797
536.51,-18.79,5.1259
536.71,-19.093,4.7717
536.91,-19.473,4.4968
537.11,-19.722,4.1408
537.31,-20.092,3.8364
537.51,-20.557,3.3014
537.71,-21.196,2.7701
537.91,-21.592,2.5062
538.11,-21.854,1.9676
538.31,-22.403,1.4971
538.51,-22.856,1.0839
538.71,-23.018,0.6153
538.91,-23.576,0.22604
539.11,-23.977,-0.2407
539.31,-24.342,-0.70006
539.51,-24.834,-1.141
539.71,-25.277,-1.6299
539.91,-25.773,-1.997
540.11,-26.112,-2.5578
540.31,-26.606,-2.9655
540.51,-27.184,-3.3068
540.71,-27.35,-3.8584
540.91,-27.816,-4.2846
541.11,-28.231,-4.7273
541.31,-28.559,-5.1775
541.51,-29.106,-5.552
541.71,-29.557,-6.0335
541.91,-29.988,-6.4799
542.11,-30.338,-6.9393
542.31,-30.776,-7.3949
542.51,-31.381,-7.7657
542.71,-31.59,-8.3616
542.91,-32.128,-8.7988
543.11,-32.748,-9.2305
543.31,-32.979,-9.8356
543.51,-33.624,-10.304
543.72,-34.06,-10.823
543.91,-34.481,-11.297
544.12,-35.036,-11.97
544.32,-35.502,-12.511
544.52,-36.061,-13.003
544.72,-36.476,-13.584
544.92,-37.139,-14.129
545.12,-37.745,-14.579
545.32,-38.078,-15.151
545.52,-38.883,-15.636
545.72,-39.393,-16.178
545.92,-39.717,-16.754
546.12,-40.418,-17.309
546.32,-40.864,-17.805
546.52,-41.505,-18.272
546.72,-42.09,-18.829
546.92,-42.565,-19.36
547.12,-43.224,-19.824
547.32,-43.684,-20.368
547.52,-44.265,-20.794
547.72,-44.998,-21.191
547.92,-45.337,-21.737
548.12,-45.97,-22.203
548.32,-46.545,-22.687
548.52,-47.039,-23.242
551.92,-56.601,-31.756
552.12,-57.05,-32.39
552.32,-57.691,-32.765
552.52,-58.121,-33.158
552.73,-58.86,-33.52
552.92,-59.512,-33.848
553.12,-59.846,-34.468
553.33,-60.525,-34.934
553.53,-61.169,-35.516
553.73,-61.618,-35.975
553.93,-62.305,-36.497
554.13,-62.862,-37.006
554.33,-63.457,-37.48
554.53,-64.014,-38.097
554.73,-64.718,-38.558
554.93,-65.323,-39.052
555.13,-65.684,-39.657
555.33,-66.377,-40.094
555.53,-67.091,-40.629
555.73,-67.588,-41.266
556.13,-68.741,-42.002
556.33,-69.336,-42.399
556.53,-69.96,-42.987
607.58,-11.41,-23.126
607.78,-11.435,-22.845
607.98,-11.712,-22.574
608.18,-11.92,-22.312
608.38,-12.156,-21.995
608.58,-12.429,-21.689
608.78,-12.642,-21.489
608.98,-13.006,-21.109
609.18,-13.51,-20.751
609.38,-13.686,-20.661
609.59,-14.389,-20.325
609.78,-14.887,-20.209
609.99,-15.079,-20.305
610.18,-15.684,-20.109
610.38,-16.083,-20.152
610.59,-16.617,-20.169
610.79,-17.172,-20.25
610.99,-17.591,-20.346
611.19,-18.311,-20.342
611.39,-18.602,-20.523
611.59,-19.148,-20.451
611.79,-19.719,-20.357
611.99,-20.001,-20.624
612.19,-20.806,-20.412
622.8,-24.059,-0.076512
623,-23.636,0.32751
623.2,-23.419,0.7555
623.4,-22.901,1.202
623.6,-22.497,1.7074
623.8,-21.974,2.0709
624,-21.657,2.7276
624.2,-21.253,3.2054
624.4,-20.571,3.5726
624.6,-20.372,4.2496
624.8,-19.876,4.6444
625,-19.272,5.1425
625.2,-19.045,5.7734
625.4,-18.592,6.2014
625.6,-18.126,6.718
625.8,-17.72,7.1718
626,-17.369,7.7529
626.2,-16.985,8.2787
626.4,-16.402,8.7159
626.6,-16.166,9.3948
626.8,-15.801,9.8671
627,-15.135,10.288
627.2,-14.934,10.957
627.4,-14.344,11.409
627.6,-13.814,11.906
627.8,-13.642,12.551
628,-13.052,13.046
628.2,-12.626,13.536
628.4,-12.206,14.047
628.61,-11.703,14.651
628.8,-11.334,15.165
629,-10.729,15.516
629.21,-10.419,16.075
629.4,-10.124,16.551
629.61,-9.5044,16.887
629.81,-9.4026,17.4
630.01,-8.937,17.697
630.21,-8.6949,17.959
630.41,-8.5963,18.208
630.61,-8.3218,18.333
630.81,-8.1877,18.512
631.01,-7.8732,18.606
631.21,-7.8485,18.914
631.41,-7.6527,19.023
631.61,-7.2518,19.185
631.81,-7.3274,19.512
632.01,-6.9358,19.654
632.21,-6.5735,19.829
632.41,-6.5118,20.246
632.61,-6.0107,20.445
632.81,-5.6576,20.696
633.01,-5.4279,21.06
636.21,5.4478,25.056
636.41,5.9658,24.733
636.61,6.5362,24.698
636.81,7.5091,24.712
637.01,7.9855,24.869
637.21,8.5498,24.888
637.41,9.2914,24.952
637.61,9.5843,25.124
637.81,10.295,25.151
638.01,10.862,25.244
638.21,11.28,25.314
638.41,11.888,25.53
638.62,12.323,25.709
638.82,12.935,25.805
639.01,13.238,26.105
639.22,13.676,26.164
639.41,14.459,26.31
639.62,14.743,26.568
639.82,15.216,26.753
640.02,15.734,26.976
640.22,16.034,27.354
640.42,16.632,27.601
640.62,16.262,27.795
640.82,16.746,28.022
641.02,17.301,28.284
641.22,17.757,28.481
641.42,18.34,28.701
641.62,18.772,29.109
641.82,19.385,29.186
642.02,20.011,29.339
642.22,20.462,29.62
642.42,21.054,29.793
642.62,21.632,30.02
642.82,22.091,30.324
643.02,22.794,30.494
643.22,23.342,30.73
643.42,23.968,30.885
643.62,24.466,31.298
643.82,25.014,31.42
644.02,25.688,31.595
644.22,26.192,32.012
644.42,26.764,32.143
644.62,27.392,32.374
644.82,27.898,32.723
645.02,28.5,32.889
645.22,29.012,33.217
645.42,29.563,33.488
645.62,30.172,33.7
645.82,30.687,33.977
646.02,31.382,33.997
646.22,31.79,34.431
646.42,32.296,34.654
646.62,32.902,34.767
646.82,33.286,35.108
647.02,33.715,35.217
647.22,34.029,35.423
647.42,34.301,35.601
647.62,34.607,35.695
647.83,34.76,35.765
648.02,34.916,35.857
648.23,35.081,35.975
648.42,35.091,35.955
648.63,35.218,35.962
648.83,35.124,36.097
649.03,35.165,36.045
649.23,35.306,35.999
649.43,35.269,36.095
649.63,35.343,36.08
649.83,35.335,36.086
650.03,35.326,36.136
650.23,35.457,36.113
650.43,35.46,36.137
650.63,35.454,36.167
650.83,35.546,36.204
651.03,35.535,36.169
651.23,35.645,36.126
651.43,35.571,36.279
651.63,35.643,36.184
651.83,35.761,36.189
652.03,35.628,36.381
652.23,35.745,36.401
652.43,35.781,36.398
652.63,35.825,36.44
652.83,36.041,36.492
653.03,36.143,36.558
653.23,36.294,36.713
653.43,36.507,37.047
653.63,36.744,37.111
653.83,37.028,37.373
654.03,37.187,37.809
654.23,36.898,38.344
654.43,37.184,38.766
654.63,37.39,39.205
654.83,37.732,39.593
655.03,38.066,40.01
655.23,38.315,40.449
655.43,38.698,40.971
655.63,38.923,41.371
655.83,39.197,41.862
656.03,39.552,42.421
656.23,39.837,42.749
656.43,40.198,43.225
656.63,40.508,43.793
656.83,40.83,44.146
657.03,41.161,44.675
657.23,41.44,45.1
657.43,41.792,45.568
657.63,42.1,46.061
657.84,42.426,46.444
658.03,42.873,46.963
658.24,43.146,47.409
658.43,43.434,47.83
658.64,43.79,48.409
658.84,44.105,48.826
659.04,44.381,49.271
659.24,44.617,49.811
659.44,44.903,50.378
659.64,45.099,50.911
659.84,45.287,51.368
660.04,45.52,51.78
660.24,45.734,52.246
660.44,45.821,52.656
660.64,46.006,52.999
660.84,46.069,53.27
661.04,46.135,53.481
661.24,46.197,53.785
661.44,46.265,53.829
661.64,46.363,53.942
661.84,46.271,54.078
662.04,46.334,54.025
662.24,46.308,54.058
662.44,46.299,54.058
662.64,46.357,54.027
662.84,46.345,54.075
663.04,46.317,54.058
663.24,46.334,54.091
663.44,46.333,54.073
663.64,46.371,54.051
663.84,46.311,54.161
664.04,46.353,54.078
664.24,46.405,54.128
664.44,46.308,54.152
664.64,46.36,54.145
664.84,46.405,54.143
665.04,46.345,54.182
665.24,46.405,54.16
665.44,46.377,54.167
665.64,46.377,54.191
665.84,46.379,54.34
666.04,46.431,54.392
666.24,46.513,54.451
666.44,46.465,54.617
666.64,46.534,54.702
666.85,46.645,54.825
667.04,46.605,54.988
667.25,46.744,55.206
667.45,46.851,55.353
667.65,46.863,55.574
667.85,47.012,55.824
668.05,47.057,56.073
668.25,47.162,56.323
668.45,47.224,56.739
668.65,47.336,57.006
668.85,47.486,57.349
669.05,47.48,57.746
669.25,47.621,58.093
669.45,47.766,58.504
669.65,47.759,58.858
669.85,47.954,59.235
670.05,48.101,59.55
670.25,48.147,59.963
670.45,48.271,60.469
670.65,48.369,60.936
670.85,48.472,61.495
671.05,48.602,62.054
671.25,48.722,62.461
671.45,48.87,63.101
671.65,48.869,63.716
671.85,48.998,64.269
672.05,49.169,64.919
672.25,49.214,65.457
672.45,49.296,66.092
672.65,49.357,66.701
672.85,49.385,67.232
673.05,49.489,67.968
673.25,49.559,68.549
673.45,49.596,69.2
673.65,49.66,69.94
673.85,52.678,70.101
675.45,49.576,76.46
684.86,42.358,97.553
685.06,41.932,97.703
685.26,41.905,97.533
685.46,39.543,97.354
685.66,39.305,97.068
685.87,39.159,96.935
686.07,38.778,96.98
686.26,38.56,96.734
686.47,38.306,96.705
686.67,37.905,96.685
686.87,37.711,96.454
687.07,37.432,96.33
687.27,37.222,96.148
687.47,36.955,96.102
687.67,36.653,96.011
687.87,36.516,95.84
688.07,36.063,95.819
688.27,36.151,95.616
688.47,36.081,95.41
688.67,35.748,95.342
688.87,35.64,95.03
689.07,35.412,94.991
689.27,35.065,94.742
689.47,34.876,94.469
689.67,34.634,94.331
689.87,34.419,93.963
690.07,34.189,93.799
690.27,33.875,93.574
690.47,33.809,93.279
690.67,33.5,93.096
690.87,33.257,92.716
691.07,33.19,92.447
691.27,32.885,92.281
691.47,32.78,91.816
691.67,32.638,91.656
691.87,32.392,91.347
692.07,32.364,90.883
692.27,32.233,90.514
692.47,32.164,90.097
692.67,32.02,89.855
692.87,31.598,88.748
693.07,31.353,88.372
693.27,31.263,88.137
693.47,31.24,87.549
693.67,31.322,87.143
693.87,31.252,86.874
694.07,31.306,86.337
694.27,31.353,86.217
694.47,31.427,85.802
694.67,31.545,85.348
694.87,31.627,84.95
695.07,31.778,84.487
695.27,31.886,84.223
695.47,32.026,83.752
695.67,32.253,83.293
695.88,32.435,83.007
696.08,32.622,82.419
696.27,32.827,82.086
696.48,32.908,81.795
696.68,33.93,81.684
696.88,34.058,81.321
697.08,34.233,80.902
697.28,34.512,80.446
697.48,34.603,80.059
697.68,34.94,79.526
697.88,35.099,79.153
698.08,35.249,78.688
698.28,35.602,78.127
698.48,35.719,77.757
698.68,36.029,77.091
698.88,36.2,76.744
699.08,36.242,76.255
699.28,36.605,75.668
699.48,36.789,75.183
699.68,37.173,74.585
699.88,37.298,74.111
700.08,37.498,73.602
700.28,37.868,73.15
700.48,37.794,72.713
700.68,38.016,72.233
700.88,38.428,71.713
701.08,38.345,71.359
701.28,38.749,70.859
701.48,38.764,70.459
701.68,38.81,70.066
701.88,39.092,69.532
702.08,39.137,69.082
702.28,39.432,68.638
702.48,39.455,68.265
702.68,39.411,67.935
702.88,39.715,67.477
703.08,39.544,67.156
703.28,39.697,66.638
703.48,39.832,66.212
703.68,39.518,65.917
703.88,39.863,65.382
704.08,39.751,65.077
707.09,39.245,57.458
707.29,38.616,57.159
707.49,38.53,56.639
707.69,38.095,56.209
707.89,37.851,55.628
708.09,37.896,55.025
708.29,37.481,54.58
708.49,37.398,53.981
708.69,37.386,53.508
708.89,36.857,53.016
709.09,36.868,52.385
709.29,36.531,51.951
709.49,36.248,51.4
709.69,36.055,50.874
709.89,35.716,50.333
710.09,35.579,49.789
710.29,35.104,49.404
710.49,34.701,48.85
710.69,34.64,48.304
710.89,34.045,47.937
711.09,33.816,47.33
711.29,33.417,46.893
711.49,32.911,46.43
711.69,32.603,45.86
711.89,32.245,45.398
712.09,31.852,44.78
712.29,31.413,44.393
712.49,30.921,43.899
712.69,30.568,43.351
712.89,29.954,42.969
713.09,29.478,42.482
713.29,32.048,42.1
714.89,25.651,38.744
715.1,25.093,38.375
715.29,24.934,37.92
715.5,24.223,37.654
715.7,23.907,37.187
715.9,23.607,36.84
716.1,22.931,36.567
716.3,22.702,36.126
716.5,22.188,35.805
716.7,21.743,35.44
716.9,21.43,35.01
717.1,21.012,34.671
717.3,20.832,34.219
717.5,20.212,33.907
717.7,19.965,33.486
717.9,19.706,33.02
718.1,19.139,32.734
718.3,18.833,32.272
718.5,18.545,31.88
718.7,17.864,31.59
718.9,17.657,31.188
719.1,17.125,30.894
719.3,16.633,30.492
719.5,16.234,30.175
719.7,15.694,29.915
719.9,15.335,29.616
720.1,14.55,29.376
720.3,14.014,29.055
720.5,13.739,28.695
720.7,12.904,28.52
720.9,12.589,28.229
721.1,11.899,27.972
721.3,11.174,27.762
721.5,10.818,27.502
721.7,10.098,27.231
721.9,9.5088,26.985
722.1,9.0077,26.793
722.3,8.3586,26.557
722.5,7.9593,26.288
722.7,7.0558,26.105
722.9,7.0805,25.832
723.1,6.6596,25.653
723.3,5.8872,25.526
723.5,5.4555,25.282
723.71,4.8665,25.091
723.9,4.108,24.89
724.11,3.6624,24.62
724.3,3.0472,24.45
724.5,2.4351,24.183
724.71,1.8693,24.05
724.91,1.2264,23.816
725.11,0.72993,23.502
725.31,0.01146,23.403
725.51,-0.5482,23.006
725.71,-1.077,22.797
725.91,-1.8125,22.624
726.11,-2.3212,22.36
726.31,-2.921,22.148
726.51,-3.5577,21.831
726.71,-4.0079,21.532
726.91,-4.6185,21.359
727.11,-5.0964,20.857
729.91,-11.153,15.044
730.11,-11.523,14.662
730.31,-11.746,14.071
730.51,-12.415,13.697
730.71,-12.728,13.14
734.12,-20.864,4.423
734.32,-21.043,4.0172
734.51,-21.572,3.5449
734.72,-21.919,3.0726
734.92,-22.207,2.4749
735.12,-22.978,1.962
735.32,-23.374,1.3772
735.52,-23.633,0.79425
735.72,-24.406,0.29061
735.92,-24.737,-0.27575
736.12,-25.189,-0.86425
736.32,-25.758,-1.4066
736.52,-26.131,-2.032
736.72,-26.703,-2.6021
736.92,-27.229,-3.2127
737.12,-27.898,-3.8049
737.32,-28.459,-4.4967
737.52,-28.86,-5.2365
737.72,-29.817,-5.9062
737.92,-30.378,-6.6865
738.12,-31.009,-7.3359
738.32,-31.792,-8.0609
738.52,-32.326,-8.7269
738.72,-33.046,-9.3818
738.92,-33.641,-10.077
739.12,-34.264,-10.712
739.32,-34.961,-11.33
739.52,-35.545,-11.893
739.72,-36.231,-12.546
739.92,-36.877,-13.177
740.12,-37.343,-13.798
740.32,-38.215,-14.311
740.52,-38.653,-14.907
740.72,-39.274,-15.413
740.92,-39.964,-16.014
741.12,-40.482,-16.61
741.32,-41.125,-17.165
741.52,-41.774,-17.787
741.72,-42.315,-18.292
741.92,-43.009,-18.833
742.12,-43.547,-19.477
742.32,-44.452,-19.956
742.52,-45.002,-20.556
742.73,-45.488,-21.098
742.92,-46.387,-21.6
743.12,-46.922,-22.216
743.33,-47.529,-22.69
743.52,-48.305,-23.349
743.73,-48.804,-24.011
743.93,-49.393,-24.426
744.13,-50.183,-25.028
744.33,-50.77,-25.493
744.53,-51.417,-25.987
744.73,-51.934,-26.544
744.93,-52.722,-26.98
745.13,-53.268,-27.515
745.33,-53.628,-28.007
745.53,-54.342,-28.382
745.73,-54.903,-28.771
745.93,-55.465,-29.16
746.13,-56.066,-29.568
746.33,-56.538,-29.989
746.53,-57.1,-30.328
746.73,-57.507,-30.691
746.93,-58.112,-31.001
747.13,-58.52,-31.403
747.33,-58.957,-31.872
747.53,-59.66,-32.152
747.73,-59.97,-32.582
747.93,-60.446,-32.944
748.13,-61.101,-33.278
748.33,-61.473,-33.687
748.53,-62.014,-34.106
748.73,-62.529,-34.536
748.93,-62.834,-35.018
749.13,-63.174,-35.462
749.33,-63.531,-35.968
749.53,-63.194,-36.41
749.73,-63.301,-37.004
749.93,-63.343,-37.587
750.13,-63.614,-38.036
750.33,-63.625,-38.626
750.53,-63.624,-39.185