1.0750123221403731 -0.4806268797723853
1.1844955069094605 0.8496601246040735
0.7230106859121195 0.19281539872000258
2.354926932492899 -0.1965538374093906
2.4758585987051798 -0.009279113000036296
4.043270542715398 -0.4332348228059903
3.4036647997633382 -0.6696280669752017
4.069853383005095 -0.7362072127180646
4.383355358330216 1.006572484183394
5.404565154020366 -0.5929037908239619
5.550642909255247 0.08958466134216608
5.5354878817291535 0.6336035898806054
7.266813317546893 1.0701414906749769
6.922246103300705 1.5062296708643022
7.615974278967067 0.7850961452993881
8.281972240287056 0.604666327148616
8.822298380209372 1.960590381292388
9.696002708164437 1.5741148914244458
9.507658549279038 0.9333520216783202
10.067659524844494 1.2508534818479946
11.170775407170403 1.89423830278819
10.720815672299034 2.458000668951269
11.331904309550461 1.7667943067874359
11.475611670872992 2.6722233456115583
12.345743816904461 4.018157664512661
13.652569721734423 3.2226999379703103
12.409282182956318 2.5704296455633933
13.181431449304375 3.7732419992715096
13.346681663584617 3.828423471669412
14.935669697528743 4.5981522717136265
15.18905687530914 4.687914381239276
14.690452422197305 4.982302678146064
16.206351382113922 5.99995869964039
15.220110760676933 5.760722735481492
14.904024171628722 5.660849409220603
15.641847648408463 5.658890230025973
15.896494637483833 6.583122350270503
15.328803214389586 6.512235566627588
17.025457435246366 7.4215426832356455
15.625425645823656 7.282607117130564
15.035545534871801 9.203056274563506
15.287795854539624 9.130349064609819
15.52220262553254 9.069921404057663
16.485770468102455 9.195711225176147
15.480436075330228 10.193094833919888
14.556183781988688 10.304719929034759
14.63940210965798 11.862486889257593
15.60070434408805 11.239577764783814
16.54561268160506 11.506017568858288
14.829110793605008 12.661396685742387
14.92685421221128 12.05202179946701
14.4946430529569 13.250686692632186
13.309200952781863 14.97325409708409
13.678488008523876 14.660490477776936
14.888293362083164 15.09651060650119
14.49030424354677 14.285320370043893
14.039158181940572 15.144807724687201
14.035460038654689 15.485276871764292
16.142818740402653 15.01619538655701
14.971335322896056 16.60922592263161
16.254377454598707 16.42182188817488
16.32346443061819 18.00087367717033
15.760905342484122 18.605289307287745
16.770614969340947 18.35715095767433
16.51288976465825 18.62561300958066
17.768822710778704 18.944707918531655
16.376546770801514 18.683192450429218
17.40332808469407 19.757051388352878
18.072259589418895 19.5883350895313
17.970044739994748 19.88506643088016
18.81673768657701 20.080256550687302
19.987937361293543 20.73414057348552
20.96497334303386 20.55723350021829
20.393366322592684 20.469906915371958
21.05471877806956 19.185535595915578
20.24117814455631 20.375786134050916
20.94304426143254 20.642696592872056
22.10026424595709 20.61468558314023
21.506177008376653 20.416607033934653
22.46524303392096 20.489164711273634
22.51468244419706 21.422765012846828
22.306784878792765 19.498560486727957
22.990931687557588 21.21449077298249
23.522345186398812 20.946069956995586
24.39913960684869 18.994957833294205
25.505985537294414 19.557814200534757
25.318489743087355 19.185660040228896
24.99082276399703 19.542893867724548
26.146045863755553 18.159612604292327
26.114559159132128 17.59179370892269
25.26281856286307 17.733181073842754
26.81324432053446 17.90438432200774
24.92193359033562 16.642415652717446
25.56088417579778 16.45576012025959
25.599527509118612 16.153232396997055
25.60721013782246 14.498969912009992
24.157007565221924 15.694205365052158
24.75726780047853 15.000282575161366
25.243295347047695 14.884131341418481
23.362210894758082 13.890020447191706
23.985631140592265 14.671856993791055
24.495588438580423 13.14085534709974
22.789054867820447 13.949316104230421
22.35862709449112 14.298445402789943
23.66946182523883 12.742909512723493
22.913684669082148 13.633575525824785
21.28422384013158 13.05294573815464
22.080931248319438 13.12419502231594
19.616532577070668 13.783609100238156
21.091277506888808 13.426092937239229
20.772420196579535 14.063563047572735
18.81846080341178 13.907947459275702
20.35144949223167 15.198945988050808
19.970769519526606 13.677567826680438
19.26447064714125 14.996109399596842
18.932789161148282 14.060341580104584
19.890379070325334 16.226012449606188
18.606664866919544 16.524429871465877
19.332860298729972 15.308100955911982
19.17806656848315 17.012498402245683
19.27486807051708 17.916661822682983
17.57445033848181 17.45407414728823
18.686008053982494 18.141910828028433
17.916268582690957 16.503744222983983
17.70579615831485 17.3773684323419
16.390309411611035 18.371978805313862
16.13749938705741 18.695113415708562
17.07048470969481 19.31074691323875
16.307448969916514 19.85904040518732
16.577299189895584 19.75158624554588
15.383794504096725 20.13997480489557
14.761999309458318 20.15380042803263
14.776269103724086 20.279682380491383
14.77603037367399 20.377338136290987
12.580675383859926 21.52353217969403
13.780745627548933 21.787799553613276
12.904842936395308 19.57100925602539
12.100497422145088 20.30193377631708
13.064462837484568 19.336059269287126
11.97505670827761 21.367562455074445
9.929452655897187 20.236915768991473
10.762799336096034 19.9481006672389
10.445595240734471 20.86146928272503
9.731204939318838 20.50634638950482
10.906427839616851 20.606866491367857
9.869341527644831 18.58173014987474
9.605809587649997 18.534247594512497
8.691596928078008 17.618730612522516
9.714239483233857 18.25945046972491
8.836972938271485 18.091904306512546
7.65377630957306 18.0966725051217
8.62885286744216 17.085317916756996
7.7833383774092795 17.40243442620056
6.810839043393301 17.806059931666283
6.99003513797428 16.915293365691408
7.405980257161763 16.641001931708942
7.210356140868889 15.464018015647742
5.761885685614918 15.23982796968337
6.115478220830014 14.770843514615242
6.111138029118285 14.587013731307211
6.27815710606063 15.231276773614114
5.3352581923053215 13.565788775526546
4.756562516943387 14.064494512645604
5.811441233733063 13.854448108197287
4.849196586947834 12.921591771192011
4.927201829992959 11.851311112188153
4.663099102357575 12.843517199705374
3.5213091220893906 11.986317945816534
4.58950377948599 10.815839872413438
3.1779226869919346 10.565550227008538
3.9584426507844945 9.253534254037872
3.388269006627045 9.263459386679246
3.689671177401072 8.958531305767588
3.4437475080872915 7.6850757706314585
2.749630779937208 8.589068421630362
2.3961947398291055 7.19381234184939
2.214439810330666 7.8140503679606175
2.289746268218541 6.9929988657235125
1.7843402969439537 6.2467441013394005
1.6008164840037848 5.808450353719673
1.309207956122814 4.9177599451769005
2.900851925371491 5.634835665895432
1.4166344555875696 4.528127018725411
0.4474242805761881 3.2015787218621545
3.0681488561909123 3.590159132178752
2.570194529490962 3.5169370670493216
1.967210439473046 1.5366929878777744
4.161463740051401 1.215901262294484
1.7427061632379424 1.7828399351834638
3.1757049968088253 1.867038595035415
3.249870936238122 0.4890977688807553
3.2644127453875975 0.8658589570020396
2.66269299466332 -0.5749968008483234
3.353935419309828 -1.6877440377326016
2.324461260917107 -0.4066977799159147
4.544024634943629 -1.3502514003275354
4.206693108158726 -3.084174694879886
4.324576197980149 -1.7130076898188713
5.433542469126062 -3.4211681493599153
4.25948917216403 -3.074682573136329
4.740310165797602 -3.486183836656061
4.7889268810678125 -4.566306990019208
4.311807522896374 -5.027821440785125
6.092229173381028 -6.532800337298663
7.665675971586423 -5.793788968146374
6.436307916429151 -4.509959455086885
7.305590340905667 -5.973695681708914
6.166930597083039 -6.311293171458465
7.993538819450993 -6.436385179646074
8.636006104344991 -7.224919183101942
7.986401343403271 -5.893455100107648
8.788543435890913 -6.339051018297568
10.207627415951105 -7.433567066772873
10.094021608514854 -7.641872575749359
9.620134080785865 -5.844321115618441
11.233516128182083 -6.929050760884883
11.877265366264098 -6.81759350850923
11.271490311709808 -7.131913201119395
13.168038034699237 -6.3746914552784375
12.983648331285966 -7.254567042578594
13.418265130804409 -7.258661843459112
13.900498395052981 -7.0324048831937445
13.400629822331014 -6.759065339555536
14.03961690998552 -7.790034927105315
15.906478461260656 -7.157825182386982
15.545470308119956 -6.970824909577804
15.930160732512766 -7.202247591062927
16.002630591930323 -8.416049895775187
16.32932995662426 -7.57528084008202
17.299440614939233 -8.145871590882441
17.506018389729075 -7.80501216067071
18.777983129662687 -7.486528814809094
19.78457567947018 -7.469820366076788
19.03873233210233 -7.71384838792655
18.71741022215584 -7.751343696641673
19.997827067778 -8.140973934348851
