0.4919727641395393 0.0 0.020000000000000004
1.0097747907636299 0.010357421558850785 0.04000000000000001
1.5163214905643017 0.030630102801006226 0.06000000000000001
2.014722437387551 0.060570096228189346 0.08000000000000002
2.5229843525901217 0.10131801545102016 0.10000000000000002
3.0443570372491853 0.15362977280059836 0.12000000000000002
3.5650153136411795 0.21641040268152562 0.14
4.088232240474976 0.2901431235063012 0.16000000000000003
4.610035228593968 0.37435140833896585 0.18000000000000005
5.116841139909252 0.46657464133579685 0.20000000000000007
5.616479730703389 0.5678563978171796 0.22000000000000008
6.113005675779735 0.6788892424241698 0.2400000000000001
6.600842797337764 0.7982711342735664 0.2600000000000001
7.095860619081845 0.9299565383959045 0.28000000000000014
7.583418642859366 1.0701559571833403 0.30000000000000016
8.073922642601161 1.221886624881987 0.3200000000000002
8.560337235547427 1.3830792675308388 0.3400000000000002
9.032230358872331 1.550005267743921 0.3600000000000002
9.4941763119414 1.7238830417836124 0.3800000000000002
9.954423290725234 1.9077115401202889 0.40000000000000024
10.394726362523004 2.0938686930659682 0.42000000000000026
10.826483564478439 2.286679606119919 0.4400000000000003
11.264855846285313 2.493056740092854 0.4600000000000003
11.688104387500168 2.702754708869399 0.4800000000000003
12.097884347156322 2.916090599598649 0.5000000000000003
12.488147140483067 3.129292135286443 0.5200000000000004
12.887421244447765 3.357901247024566 0.5400000000000004
13.282182881076977 3.5945330661082227 0.5800000000000004
13.669202206325934 3.8480959170723077 0.6200000000000004
14.040163099149767 4.112928239577595 0.6800000000000005
14.387982278138265 4.394196175159392 0.7600000000000005
14.722915736551085 4.712534169914615 0.8400000000000005
15.03175697283126 5.0570874436785145 0.9400000000000005
15.303226106415915 5.42879234193359 1.0600000000000005
15.530185456929988 5.833784242753354 1.1800000000000006
15.70625629347534 6.2611550615234846 1.3000000000000007
15.83110514251846 6.710873406287694 1.4200000000000008
15.901239588331288 7.172436572175905 1.540000000000001
15.915569235603598 7.637593242854629 1.640000000000001
15.88385147907718 8.095186101809151 1.720000000000001
15.818043960729849 8.532966625554034 1.8000000000000012
15.720189913142367 8.95239467943549 1.8600000000000012
15.593702041492726 9.37749861909887 1.9000000000000012
15.448780143632073 9.801699146149172 1.9400000000000013
15.292627215346242 10.205250017986629 1.9600000000000013
15.130377686178878 10.600860600301111 1.9600000000000013
14.979636405201619 10.96841079445132 1.9600000000000013
14.82660709561079 11.341539854295698 1.9400000000000013
14.677062174710578 11.728013447014229 1.9000000000000012
14.542896547864203 12.120729319911439 1.8600000000000012
14.418853129456807 12.537617873466662 1.8000000000000012
14.315538326014323 12.980452155883906 1.740000000000001
14.239440961119447 13.425890212988008 1.680000000000001
14.19088344631483 13.868772182724365 1.600000000000001
14.177657992194634 14.32151297383658 1.520000000000001
14.201079825315231 14.782209372010652 1.4400000000000008
14.260413869332535 15.233256454186767 1.3400000000000007
14.366445019523587 15.684484514021523 1.2400000000000007
14.519468751564618 16.130078888817216 1.1400000000000006
14.719801379373205 16.565977671646866 1.0400000000000005
14.956310089886964 16.968897366804672 0.9400000000000005
15.24051723219291 17.358043585821335 0.8400000000000005
15.540126918275428 17.69229784355736 0.7400000000000005
15.864068028800416 17.98808508097498 0.6600000000000006
16.222865505675532 18.26654956549367 0.6000000000000005
16.60044650851334 18.52486662766558 0.5400000000000005
16.994654748348005 18.761166724317224 0.4800000000000005
17.403067458909216 18.973790810340937 0.4400000000000005
17.816808233673388 19.168571910440665 0.4200000000000005
18.23689150070876 19.356169564652205 0.40000000000000047
18.65491822368529 19.53290842837802 0.40000000000000047
19.08219269633894 19.713557177955906 0.40000000000000047
19.502677721476047 19.89133539516482 0.38000000000000045
19.89931176974024 20.049756079803032 0.3400000000000004
20.30146121103454 20.192011167671655 0.3000000000000004
20.719759386781313 20.32140595657571 0.24000000000000038
21.12584640176681 20.42078223189812 0.16000000000000036
21.544980997097653 20.488421946868083 0.06000000000000036
21.97226357713629 20.51408971038147 -0.03999999999999965
22.412448050454767 20.496472934832752 -0.15999999999999964
22.8369362584491 20.42796925673817 -0.27999999999999964
23.26362457388645 20.305273185890602 -0.4199999999999996
23.661302907099646 20.127680960025373 -0.5599999999999996
24.04919646194907 19.88449127616259 -0.6999999999999996
24.404951533852973 19.584842912807126 -0.8399999999999996
24.71117423017703 19.243210966924273 -0.9799999999999996
24.964758858379405 18.865126869356054 -1.0999999999999996
25.169035558395375 18.463772250248788 -1.2199999999999998
25.320318240399715 18.050353865719043 -1.3199999999999998
25.428698274610483 17.62730889897363 -1.42
25.494520720925472 17.194123516875745 -1.52
25.516868225855415 16.754558646936147 -1.6
25.50387115947523 16.30963614661033 -1.6800000000000002
25.45481620663921 15.862217158534895 -1.7600000000000002
25.37146891495241 15.426970039145855 -1.8600000000000003
25.245647658383845 15.004106477895911 -1.9600000000000004
25.084873679867396 14.612093708501062 -2.0600000000000005
24.890817300860036 14.24757664769136 -2.1800000000000006
24.659970740468832 13.916724926824463 -2.3000000000000007
24.393168906650136 13.618116674774893 -2.440000000000001
24.091848375417015 13.363496426257296 -2.580000000000001
23.766611642682022 13.158867092689128 -2.740000000000001
23.392075354507654 12.999812080937104 -2.9000000000000012
22.992771154763666 12.901421372284528 -3.0600000000000014
22.57337179722975 12.867125324932505 -3.2000000000000015
22.180956829067952 12.890071340668559 -3.3200000000000016
21.79828623291488 12.95907626797394 -3.4400000000000017
21.427761155387145 13.073046837834958 -3.560000000000002
21.07599210896833 13.229465739141016 -3.660000000000002
20.75456879371938 13.412821343605597 -3.760000000000002
20.45234091975949 13.627858700397308 -3.860000000000002
20.17172248903178 13.873190494004032 -3.940000000000002
19.904957703421122 14.146987949476845 -4.020000000000002
19.657975459180072 14.444786419568482 -4.080000000000002
19.42337177921517 14.764942055681253 -4.120000000000002
19.19821314576471 15.099491167081377 -4.160000000000002
18.984948263619714 15.445477390635686 -4.200000000000002
18.792051008548988 15.788406229258694 -4.2200000000000015
18.605020581780956 16.137043920331298 -4.240000000000001
18.424462349400734 16.490404154884775 -4.240000000000001
18.24282290385944 16.84588037014521 -4.2200000000000015
18.05101093191137 17.20343119316182 -4.1800000000000015
17.845528378938475 17.55222065012112 -4.1400000000000015
17.628846022985446 17.88850420272553 -4.080000000000002
17.390472460669884 18.21380446863365 -4.000000000000002
17.122582493088384 18.52397317442745 -3.9200000000000017
16.82075012451777 18.82161466270442 -3.8400000000000016
16.50267778458137 19.088658486750912 -3.7600000000000016
16.173866418749206 19.322610193670585 -3.6800000000000015
15.828736057873904 19.528745088460116 -3.6000000000000014
15.485008983155181 19.698362964028842 -3.5200000000000014
15.111900712079901 19.84669856102071 -3.4400000000000013
14.719429853851556 19.96741947865625 -3.3800000000000012
14.319712774329966 20.0645624515933 -3.320000000000001
13.928012225203453 20.135195701677507 -3.260000000000001
13.536408566539864 20.181782375224337 -3.200000000000001
13.140982383661928 20.20490446829145 -3.140000000000001
12.75380127177559 20.20428782238232 -3.080000000000001
12.355136859128061 20.179701925312763 -3.020000000000001
11.94772631149713 20.129918206557797 -2.960000000000001
11.56177071152127 20.059050815298708 -2.900000000000001
11.185171387972897 19.966254710610194 -2.8400000000000007
10.820932861009672 19.852946601385888 -2.7800000000000007
10.454133245383698 19.714214827960497 -2.7200000000000006
10.098300424881304 19.554629437488966 -2.6600000000000006
9.75659064750652 19.376039317446953 -2.6000000000000005
9.4245015184173 19.17625562214295 -2.5400000000000005
9.122308813842968 18.968807146442213 -2.4800000000000004
8.823686671979699 18.736282016315304 -2.4200000000000004
8.540812941852638 18.487384350844458 -2.3600000000000003
8.275784233652962 18.224365143865384 -2.3000000000000003
8.029187006951977 17.948370163727837 -2.24
7.804956320030163 17.664877930746467 -2.18
7.598836938590906 17.369465463098553 -2.14
7.3800398284112 17.027512500667083 -2.1
7.155741863943701 16.64399740154181 -2.06
6.942800406962264 16.244006458598037 -2.02
6.750262281658813 15.844610504802901 -2.0
6.561309434560529 15.431741001616393 -1.98
6.3729943498546735 14.997519891519243 -1.98
6.181344419352335 14.555609219823705 -1.98
5.982912796206337 14.098061170417997 -2.0
5.775309547705769 13.644439796701668 -2.02
5.550489779152983 13.178079662823642 -2.04
5.327946999657012 12.739108532290226 -2.06
5.097150794047841 12.305579086131205 -2.08
4.859553050944067 11.880015923161647 -2.1
4.606058334511884 11.446578858625521 -2.12
4.3407668356313085 11.01310315924587 -2.14
4.069715358356657 10.58948305041826 -2.14
3.786804839805824 10.147328719211494 -2.14
3.507329951830748 9.710543855874917 -2.12
3.2396937608086307 9.273237023307155 -2.08
2.9909628840795843 8.827733218236194 -2.04
2.7588506046449695 8.369886012656803 -2.0
2.5453748574404065 7.903432995175294 -1.94
2.357865092697972 7.418845675100602 -1.88
2.202649867526216 6.932962515810337 -1.7999999999999998
2.091984591124658 6.458622182858219 -1.7199999999999998
2.019150516813894 5.974097921816338 -1.6399999999999997
1.9845865665556999 5.475442955402315 -1.5599999999999996
1.9899844793023562 4.975485597732766 -1.4799999999999995
2.03647095528519 4.464906999026999 -1.4199999999999995
2.1134727780632963 3.9581488049795848 -1.3599999999999994
2.2176734692338425 3.4711730014832693 -1.2999999999999994
2.3499523484057585 2.9946909270036515 -1.2599999999999993
2.50032549180838 2.5265388610258466 -1.2399999999999993
2.6607644358861204 2.0593519088736625 -1.2399999999999993
2.8184568988806364 1.6001625170008165 -1.2399999999999993
2.975760179249618 1.1421063976367078 -1.2399999999999993
3.131237986438911 0.6893659281352714 -1.2399999999999993
3.2837456728826195 0.24527424192413944 -1.2399999999999993
3.4373682404216916 -0.20206389984021977 -1.2399999999999993
3.5913743828515488 -0.6505189847830442 -1.2399999999999993
3.749662353871755 -1.1114424542584542 -1.2199999999999993
3.923345525311503 -1.5860758703593336 -1.1999999999999993
4.103478519003172 -2.049405242281829 -1.1599999999999993
4.301424508180112 -2.5038493553305337 -1.1199999999999992
4.512092238134267 -2.939079460432408 -1.0799999999999992
4.739240146117011 -3.3641225641169497 -1.0399999999999991
4.981013739376381 -3.7760115904520095 -0.9799999999999991
5.241888468419713 -4.164964924129583 -0.919999999999999
5.528842615398121 -4.5418113887257325 -0.839999999999999
5.838060727683875 -4.886785117552853 -0.7599999999999989
6.178474114641657 -5.210331518397666 -0.6799999999999988
6.5376371349791365 -5.500772780324128 -0.5999999999999988
6.9180030270143025 -5.760995087703107 -0.5199999999999987
7.320315979909676 -5.991344128346834 -0.43999999999999867
7.737560419548569 -6.187774685643688 -0.35999999999999865
8.179799990377614 -6.354234921212686 -0.27999999999999864
8.627146401800974 -6.482871316922623 -0.21999999999999864
9.064849202669237 -6.58075016404989 -0.17999999999999863
9.516470940199568 -6.6629315589326 -0.15999999999999862
9.971933955729014 -6.736433934763575 -0.1399999999999986
10.413411520997192 -6.798647789860545 -0.1199999999999986
10.860333232272291 -6.852537313591438 -0.09999999999999859
11.30098536521446 -6.896750000853944 -0.09999999999999859
11.735885671683466 -6.940385580493373 -0.09999999999999859
12.17036800257468 -6.983979222690265 -0.09999999999999859
12.61082417580516 -7.028172248399357 -0.09999999999999859
13.061819505578367 -7.07342271692422 -0.09999999999999859
13.513915236914697 -7.118783593879082 -0.09999999999999859
13.962848416728841 -7.163827157264013 -0.09999999999999859
14.40917676701912 -7.208609365932827 -0.09999999999999859
14.856726828733208 -7.253514154616733 -0.09999999999999859
15.301444907015576 -7.298134797171666 -0.09999999999999859
15.766302960224426 -7.344776177506656 -0.09999999999999859
16.221428002583547 -7.390440999389635 -0.09999999999999859
16.67788293181135 -7.436239255035494 -0.09999999999999859
17.15758144849747 -7.484369648407072 -0.09999999999999859
17.631442594796003 -7.53191435113497 -0.09999999999999859
18.097618071769002 -7.578687914751334 -0.09999999999999859
18.55008798472295 -7.6240863350960995 -0.09999999999999859
19.010026588410607 -7.67023412407654 -0.09999999999999859
19.47311673690243 -7.716698122271469 -0.09999999999999859
19.93015005063304 -7.762554409936755 -0.09999999999999859
