4.5410754866183565 0.08192610545519653
5.395435767038385 0.2750856776123572
4.655503736873689 -0.20218346247136915
5.066937148692816 0.4709279882155607
5.258242903050251 0.02149215840691779
5.568729575151663 -0.2067164143201471
5.131395807981002 -0.10700886675836374
5.003907953669502 -0.010113359220410123
5.139982191898672 -0.0958192838067794
5.284655171774964 0.08415222497748966
5.1720284136556245 0.5429548923028396
4.722006440393153 0.10083610785610227
4.704014532997383 0.3331250849748498
5.393600551166269 -0.08989989521436464
5.122107856789081 0.237839969491827
5.025899304399031 0.16725801434083082
5.215306730582299 0.1389396491311064
4.880051798281984 0.1701603477008501
4.773367732514524 -0.12305235631432687
5.027505547285522 -0.22453755373307693
5.123217795922337 0.47771843038138484
4.48186768661319 0.4131914235516301
4.580375775461405 0.14765873817369415
4.872205579246579 0.11819037364331215
4.363648931153024 0.686453647265258
3.99543166861445 -0.28704350141791307
4.454160217397948 0.5969333401142384
4.786799953450346 0.28944986455058164
4.347541697334895 -0.03709295571257237
4.446967409606894 0.6059519731770272
4.622676647039104 0.365696248042085
4.647862392546366 0.965270761321875
4.594215061373401 0.4974909860205978
4.594087708644633 1.5642075148284758
4.5650419330118615 1.5906264046066174
4.879025600478366 1.2932011934622958
4.844504735156026 1.307856266971368
4.941161496223664 1.2462729294715453
4.838624071298528 1.1322126011009246
4.613494525188059 0.7520474908253447
4.631491853831686 0.9675494021887872
4.3532966294935616 0.25554983100933754
4.471989934987314 0.3942810040388519
4.695945826081157 0.5021733917042196
3.9249692490796986 0.4345589926133927
4.050560433690577 -0.06299237844250069
4.191790176419196 0.4992729581233476
4.60306290438156 -0.7285448509260444
4.548149945228749 -0.24999444648251826
3.8020684685491988 -0.2610642800946748
4.368633502360462 -0.24839329426980328
4.115631561147938 -0.774683168407725
3.880718946754615 -0.9775585620022349
4.5800263530941265 -0.5684910559698004
4.56483430034782 -0.5544854141479069
4.608139399511813 -1.1209771922356984
4.387015231172639 -1.000106640554666
4.752142206818656 -1.550979718686903
4.129926886709867 -0.9154155799186647
5.051436126433988 -1.5604648518432838
4.8526097121080225 -1.0033323373335705
4.863690026998521 -0.9366506037834612
4.436253027881444 -1.1171877056928992
4.667787916069522 -1.0880773179981453
4.435371515325416 -0.711248248385529
4.1746429989726 -0.514761744068073
4.641057776513686 -0.4136095750496961
4.783834646974977 -0.39776587304363015
4.7232408250585625 -0.20174480960982738
4.796181014171997 0.09205376988891645
4.170382950694809 -0.1539851865961094
4.8133294728516915 0.19587448744307356
4.642350095549354 -0.17044073818170283
4.226356371636421 -0.38919541033375327
4.550957816445603 -0.6939023158897938
4.269000951177327 -0.24625543045521903
4.0686217426897695 -0.5577036542809839
4.374922726123584 -1.0696321586239792
3.939007246619642 -1.3729434088707106
4.134641645398275 -1.4964337756877168
4.5422651980999085 -1.4656667071982168
4.574314967205634 -0.8138854572353299
4.781174345707249 -1.1352273008894
4.259508750506189 -1.091793334902519
4.636054153622874 -1.1605053659190638
4.46157947912228 -1.2499761342183662
4.077585566116818 -1.7667547210240375
4.62394173478996 -1.310325018747756
4.275097448254835 -1.240464164977665
4.574464563219109 -0.8113509137981569
4.490335828641647 -1.0856457298469555
4.869149251791291 -0.946314409319839
4.962853317687336 -0.9262432737205759
4.432401498550618 -1.0761933313234577
4.384042480428699 -0.6579703530905265
3.876591463993904 -1.0686261823046934
4.171583527414042 -0.8389873330206589
4.017756666331328 -1.0226627425342012
4.234302688946111 -0.9251338205002975
3.7453150292595154 -1.6672676640620243
3.9308752662797675 -1.512487231819062
3.666668259486759 -2.039503205369573
4.503481129927482 -1.9343486921168722
4.053051880300068 -1.5909096205625317
4.1325810561905 -1.2649416217825142
4.042073418137003 -1.3930699468470629
3.8083405355073134 -1.0845655558080067
3.9564888772002638 -1.614766460365222
3.8104093317624996 -0.7913564980674617
3.0934636471841257 -1.4605128906340628
4.252463624814579 -0.9584641984193195
3.5260056623342058 -0.815823531623323
3.957290502086102 -0.8110306696296528
4.149450873498053 -1.0663209410649959
3.913415288490588 -0.279340585448008
3.9246171854712255 -0.4319467471561771
4.3774623427604595 -0.2749909813656912
3.707480834252744 0.017950734131156332
3.8748280269648796 -0.13236818749853344
3.773795674386367 -0.044618294906122284
3.8399535834141663 0.38125429534164246
4.037072845935041 0.06141179039760053
4.201088634834728 0.5083854993226622
4.038747009553594 0.21720592822262508
4.00312577923977 0.4044925542363473
3.8428926829366725 0.6302572783982843
4.220161757874129 1.0650149123322619
4.086810017791813 0.6852442085399088
4.0262691751686 0.9058949216205936
4.183584439554975 0.8589832388681633
3.874508577361384 0.9869642775209455
3.796614530392791 0.9208009376329964
4.118442104605486 0.8415160066085015
4.1997138596784955 0.6237938420848463
3.8211340007094643 0.547546460433113
3.848607465365542 0.8159432081044288
3.9869117791136857 0.37881449939758216
3.457480762113487 0.7931620520689634
4.103882383565883 0.5159281859890525
4.086845899100871 0.40699201233015403
3.6006190270264407 0.7655188971079355
4.025332691873693 0.6968845168380737
3.640028748669747 0.7816860600686575
3.5942332559800882 0.4352439370639193
3.810478544930452 0.4710707919696507
3.6607476755710024 0.3956002106413582
3.810363568905689 0.48758563397046834
3.658932355797866 0.6104815232111368
4.3720804182717945 0.5444635029797608
3.4489923039180357 0.4076555584390976
4.211390719590442 0.5555188147802963
3.4661232285020653 0.857523250059636
3.3439383990838762 0.7952781539285714
3.917131523258802 0.5153401836390082
4.3634464545208465 0.5651693504619442
4.241718732935356 0.25300160324078613
4.214306784384578 0.8814503825851681
4.286008417763084 0.2225951176662727
4.65956379705441 -0.08696863282139944
5.259148793241125 0.43828769410887597
4.67292540024782 -0.10615767843908396
4.941222270033313 -0.3198310904501654
5.133018229443891 -0.3747759104665622
5.651408015028041 -0.838006390081255
4.975458587863673 0.12326297757431687
4.752988217403411 -0.2305129088123748
4.976445517044064 -0.10104364645027039
4.985613144511368 -0.4382200295499715
5.241687726937298 -0.46188286979176096
5.017571789236838 0.0328751348390452
5.198184293371404 -0.015760739482715173
4.927303546746605 0.2526092102004187
6.107403884961726 -0.17974204669059096
5.147224985566933 0.635681516283398
5.207727707013546 0.5071157256082097
4.9803811703098475 0.4555571554777974
5.137219525788407 0.8318461474891621
4.9453820129382855 0.9421915737262435
4.77295060466363 1.13621109603294
4.999946301991259 1.2960339696457763
4.984982849300272 1.0240764055008067
4.95574163673917 0.6117667293729514
5.325940517574004 0.5961892435645969
5.239638321778074 0.480698913018325
5.195639419884659 0.5569329534180869
4.8539000114854876 0.4841693303444126
4.774474259313219 0.15708513934733495
5.031289975250969 0.002158420094869689
4.600508421905519 -0.3656913877184625
4.976519790145344 0.1768812122638101
4.503986551480722 0.184975622316792
4.806268467721359 0.021312211338948117
4.701473543037054 0.13373637130608793
4.806673154489838 0.07776045899108185
4.891269131407344 0.2360392903132926
5.262919735728281 -0.06112014167056973
4.89865376969675 0.7647932288446365
4.645249774198452 0.10414120376907748
4.478064190768682 0.43992890055092687
5.2368404952998695 0.2782982494256304
5.049501472003345 0.5071830640588729
4.9746467297480725 0.5366225795022307
4.670773769037228 0.7673235174541941
3.965216271398817 0.6037642735653054
5.133293534528329 0.8746333157080965
4.764488135962598 0.8741196412857966
4.615780618396148 0.7806551644806914
4.45007398822168 1.081005089125828
4.504474430431679 0.8780451882683591
5.33867886185741 1.32625886399296
4.554777447022366 0.8919239104787662
4.086607643015898 0.6034459559158861
4.703804821083269 0.22585945266663657
4.80481934004857 0.05408574435025859
3.9840550199113602 0.2439663418240794
4.2239842026800405 0.05515333108596218
4.459495931189303 0.36300597176669075
4.2503988946100835 0.3232449650559719
4.141725210535147 -0.016987062695160222
4.112413003400867 0.011629977172844632
4.969646259615726 0.19971301458896357
4.586258004801322 -0.31451387182233637
4.313729399024849 -0.37414090888307555
4.756898619565645 0.018494400026427434
4.767613805387797 -0.11206185105913939
4.501184942416999 0.6868252576990692
4.514996557669124 -0.07243778444595
4.112069107803663 0.4523115502464868
4.5978285035228055 0.05459957875570866
4.955095597521408 -0.32484557776421635
4.9910442496526075 -0.17770805989217525
4.940451628994706 0.06547117986278392
4.148941490113612 0.4374746503729619
4.273132276086808 -0.2585088426600177
5.141511842975129 0.26572877586501575
4.8104321414300415 0.04902196734355821
